-6965921061223465208
1139831755071039638
882190885299273607
-9055956970528264274
5776197450804896398
-7094805531352959441
6893483007639135261
-1735183048015069135
-4374037556515465768
5140096264898804709
-2287575012395546049
9079645624467440102
-3624229338409550047
588086517973747412
5378173623822203730
-5481105374446693853
-8263273165245082725
5096895198179298864
-8561895430247183631
-3958840948103559787
-3584032423166541334
-4471842450646834755
3970401025766582636
-8648924368070623558
7083883702678138023
9055810551617300565
2713041103899379268
6608742177722766438
3767602248518235358
-4338484307388518810
-7932400981662580047
927446643831572546
-2530567366148598640
4844057214889624689
4183017345238479900
-8168132585799758520
-4400296236122175182
-3061892810329330292
-3960497174561917275
7373163822713724489
6727169415955287597
8734146346765983201
2324795159788359582
7044131156643980391
83454544125323100
-7057771285700916947
-2412946625948573683
-8954535002509709925
-4451940562241799280
-742123030138617534
2606990066027505454
5142700466540196656
5895610403087400719
-7314295850302643067
-233547954051017489
-7065119529899052986
8220824171056426513
-8961634189778510736
430675992570735731
6108605707228989520
-8517232206445308094
-1400626282973975535
-1939553162516285808
-2094228926632772202
2324257500279617091
-8389322413085618550
-2654683009375796144
-490262809844729932
-8275351785526190551
3593949916418745743
5872242229125267828
-8051925417110201831
-814952252732771332
-5358326634014869525
-8692923368395499796
-7195497979565757815
-4880952598331098822
-3113995868319465477
-6718793775627461280
-178494808913901668
41458616730461777
1550684052324043313
5038706140331548586
-4313515010116882628
4178360871405393192
-8656721744602094702
8339603328077147482
6318857358560285995
2908623720919808919
-5642674152272914375
-199030490678952655
-6423439784757868165
6043473205817832938
-2518519057290722862
-1515238553630695514
1028144515291918100
-1415706498399215262
8555389282888705567
6112595754176840036
4874074575206728241
