-9086570001737719888
-8921033123333202507
-8606008670077949901
-8193554085868286457
-8108986588835858886
-8097556204873251128
-7965894072918665346
-7907461738006107593
-7787745782826819086
-7706877981654244507
-7600022708725524996
-7543493912435431309
-7167923802886558024
-6665346067216026430
-6549955315811144000
-5976305814494303358
-5933321715882714099
-5836972656129508760
-5543196305974280545
-5539431110997098631
-5250606009369655894
-5167857662509859072
-5010539132722961629
-4756788111942530246
-4641185240150440196
-4624587373381269421
-4609216092312936891
-4397549640303673488
-4374593708584441122
-4347449578423813392
-4269021952107426249
-4243082296540780298
-3962135567542713382
-3599012660867921847
-3526685779510907327
-3515722246497790191
-3504741216852397942
-3394379049477926444
-3098204218726753476
-2816755555181908255
-2445787518699367287
-1947661066142055961
-1515343393994103154
-1383623698299220824
-1253011546619862930
-737959093601623400
-698659443938816157
-510903046697678433
113243092144442532
210498783282205674
324650457082226230
673633336131639949
720794788104820559
966064269835314660
1009672275972709668
1143048426733636306
1146507829267243840
1221894004015250563
1404816769883470482
2006516397321006038
2057486117721212687
2648946719225344888
2837745237325658407
2897405949790472994
3055054912252014816
3171736905563817405
3232220033009626872
3509533014869563207
3618917139316563097
4083777487433635543
4152070487512827763
4421164683268432601
4436829830967141347
4562971571498754317
4937761505228007653
5087910798576124060
5186721585547512608
5360430701943496410
5366163331038200629
5410354023467158458
5929321418286521308
6450313942851665751
6518035445937868240
6798195651073714529
6922872513018523512
7070760728102979262
7313695871686796753
7341134379817807415
8001300601730401636
8065771321747977238
8135546893102482905
8146755464246401731
8490935826819719060
8561164440948605507
8912086952314524012
8954399302404536958
8981509621603662786
9006973054595672290
9090285142432973676
9110509976975072539
